[
    {
        "revenuePerShareTTM": 42.65063291139241,
        "netIncomePerShareTTM": 14.238698010849909,
        "operatingCashFlowPerShareTTM": 20.861844484629295,
        "freeCashFlowPerShareTTM": 14.146835443037975,
        "cashPerShareTTM": 17.359132007233274,
        "bookValuePerShareTTM": 45.16419529837251,
        "tangibleBookValuePerShareTTM": 37.992043399638334,
        "shareholdersEquityPerShareTTM": 45.16419529837251,
        "interestDebtPerShareTTM": 5.017359855334539,
        "marketCapTTM": 582779050000,
        "enterpriseValueTTM": 580051050000,
        "peRatioTTM": 15.306463,
        "priceToSalesRatioTTM": 4.94177895174215,
        "pocfratioTTM": 10.103133505538894,
        "pfcfRatioTTM": 14.898738367931282,
        "pbRatioTTM": 4.666749813819778,
        "ptbRatioTTM": 4.666749813819778,
        "evToSalesTTM": 4.918646388928932,
        "enterpriseValueOverEBITDATTM": 10.49847152087745,
        "evToOperatingCashFlowTTM": 10.055840542274154,
        "evToFreeCashFlowTTM": 14.828997085591574,
        "earningsYieldTTM": 0.06755561992147795,
        "freeCashFlowYieldTTM": 0.06711977721230714,
        "debtToEquityTTM": 0.3291826488040423,
        "debtToAssetsTTM": 0.24765794911649708,
        "netDebtToEBITDATTM": -0.04937467195163889,
        "currentRatioTTM": 3.154293825408091,
        "interestCoverageTTM": null,
        "incomeQualityTTM": 1.4651511303022606,
        "dividendYieldTTM": null,
        "dividendYieldPercentageTTM": null,
        "payoutRatioTTM": null,
        "salesGeneralAndAdministrativeToRevenueTTM": 0.0833467594908801,
        "researchAndDevelopementToRevenueTTM": 0.2090664721993742,
        "intangiblesToTotalAssetsTTM": 0.0038195762318735805,
        "capexToOperatingCashFlowTTM": -0.32187992996203385,
        "capexToRevenueTTM": -0.15744218979216307,
        "capexToDepreciationTTM": -2.3304882640893685,
        "stockBasedCompensationToRevenueTTM": 0.07770777332123566,
        "grahamNumberTTM": 120.2883414946058,
        "roicTTM": 0.3227639245574794,
        "returnOnTangibleAssetsTTM": 0.23809667801612308,
        "grahamNetNetTTM": 6.299909584086799,
        "workingCapitalTTM": 45531000000,
        "tangibleAssetValueTTM": 124245000000,
        "netCurrentAssetValueTTM": 9.243399638336347,
        "investedCapitalTTM": 0.111091536607436,
        "averageReceivablesTTM": 13063500000,
        "averagePayablesTTM": 3139000000,
        "averageInventoryTTM": null,
        "daysSalesOutstandingTTM": 43.4518651052752,
        "daysPayablesOutstandingTTM": 65.79959380105082,
        "daysOfInventoryOnHandTTM": 0.0,
        "receivablesTurnoverTTM": 8.400099722202436,
        "payablesTurnoverTTM": 5.547146705853539,
        "inventoryTurnoverTTM": null,
        "roeTTM": 0.29706313440465704,
        "capexPerShareTTM": -6.71500904159132,
        "dividendPerShareTTM": null,
        "debtToMarketCapTTM": 0.07053788223856022
    }
]