[
    {
        "revenuePerShareTTM": 10.748402555910543,
        "netIncomePerShareTTM": 3.894968051118211,
        "operatingCashFlowPerShareTTM": 3.637380191693291,
        "freeCashFlowPerShareTTM": 3.247603833865815,
        "cashPerShareTTM": 8.46964856230032,
        "bookValuePerShareTTM": 10.62779552715655,
        "tangibleBookValuePerShareTTM": 7.956869009584665,
        "shareholdersEquityPerShareTTM": 10.62779552715655,
        "interestDebtPerShareTTM": 4.761581469648562,
        "marketCapTTM": 578899760000,
        "enterpriseValueTTM": 588596760000,
        "peRatioTTM": 60.049355,
        "priceToSalesRatioTTM": 21.509242773277848,
        "pocfratioTTM": 63.55948177426438,
        "pfcfRatioTTM": 71.18787014264633,
        "pbRatioTTM": 21.753335337441754,
        "ptbRatioTTM": 21.753335337441754,
        "evToSalesTTM": 21.869538530133017,
        "enterpriseValueOverEBITDATTM": 51.854176724517664,
        "evToOperatingCashFlowTTM": 64.62415019762845,
        "evToFreeCashFlowTTM": 72.380319724545,
        "earningsYieldTTM": 0.016847476323016614,
        "freeCashFlowYieldTTM": 0.0140473369690117,
        "debtToEquityTTM": 0.6604163535247257,
        "debtToAssetsTTM": 0.3977414171588929,
        "netDebtToEBITDATTM": 0.8542859659941855,
        "currentRatioTTM": 6.650288350634371,
        "interestCoverageTTM": 42.54661016949152,
        "incomeQualityTTM": 0.9338665026145802,
        "dividendYieldTTM": 0.0008650893204723389,
        "dividendYieldPercentageTTM": 0.0865089320472339,
        "payoutRatioTTM": 0.05134830308622988,
        "salesGeneralAndAdministrativeToRevenueTTM": null,
        "researchAndDevelopementToRevenueTTM": 0.1956974065542097,
        "intangiblesToTotalAssetsTTM": 0.052934120895285944,
        "capexToOperatingCashFlowTTM": -0.10715854194115064,
        "capexToRevenueTTM": -0.036263654603552055,
        "capexToDepreciationTTM": -0.8313458262350937,
        "stockBasedCompensationToRevenueTTM": 0.07445938916549008,
        "grahamNumberTTM": 30.518613840115105,
        "roicTTM": 0.2519572417946402,
        "returnOnTangibleAssetsTTM": 0.2330577327470847,
        "grahamNetNetTTM": 3.363817891373802,
        "workingCapitalTTM": 24494000000,
        "tangibleAssetValueTTM": 24273000000,
        "netCurrentAssetValueTTM": 4.494408945686901,
        "investedCapitalTTM": 0.4391627837065985,
        "averageReceivablesTTM": 4302000000,
        "averagePayablesTTM": 1723500000,
        "averageInventoryTTM": 2419000000,
        "daysSalesOutstandingTTM": 63.06197518020361,
        "daysPayablesOutstandingTTM": 68.94014830508475,
        "daysOfInventoryOnHandTTM": 100.7229872881356,
        "receivablesTurnoverTTM": 5.787956989247312,
        "payablesTurnoverTTM": 5.294447560291643,
        "inventoryTurnoverTTM": 3.6238003838771595,
        "roeTTM": 0.4318783141999978,
        "capexPerShareTTM": -0.38977635782747605,
        "dividendPerShareTTM": 0.2,
        "debtToMarketCapTTM": 0.030359314711065004
    }
]