[
    {
        "revenuePerShareTTM": 10.748402555910543,
        "netIncomePerShareTTM": 3.894968051118211,
        "operatingCashFlowPerShareTTM": 3.637380191693291,
        "freeCashFlowPerShareTTM": 3.247603833865815,
        "cashPerShareTTM": 8.46964856230032,
        "bookValuePerShareTTM": 10.62779552715655,
        "tangibleBookValuePerShareTTM": 7.956869009584665,
        "shareholdersEquityPerShareTTM": 10.62779552715655,
        "interestDebtPerShareTTM": 4.761581469648562,
        "marketCapTTM": 470451520000,
        "enterpriseValueTTM": 480148520000,
        "peRatioTTM": 48.800003,
        "priceToSalesRatioTTM": 17.47980679200416,
        "pocfratioTTM": 51.652560386473425,
        "pfcfRatioTTM": 57.851883915395966,
        "pbRatioTTM": 17.67817225311889,
        "ptbRatioTTM": 17.67817225311889,
        "evToSalesTTM": 17.84010254885933,
        "enterpriseValueOverEBITDATTM": 42.30010747951722,
        "evToOperatingCashFlowTTM": 52.71722880983751,
        "evToFreeCashFlowTTM": 59.04433349729464,
        "earningsYieldTTM": 0.020731147813062654,
        "freeCashFlowYieldTTM": 0.01728552178979037,
        "debtToEquityTTM": 0.6604163535247257,
        "debtToAssetsTTM": 0.3977414171588929,
        "netDebtToEBITDATTM": 0.8542859659941855,
        "currentRatioTTM": 6.650288350634371,
        "interestCoverageTTM": 42.54661016949152,
        "incomeQualityTTM": 0.9338665026145802,
        "dividendYieldTTM": 0.0010645092612305727,
        "dividendYieldPercentageTTM": 0.10645092612305727,
        "payoutRatioTTM": 0.05134830308622988,
        "salesGeneralAndAdministrativeToRevenueTTM": null,
        "researchAndDevelopementToRevenueTTM": 0.1956974065542097,
        "intangiblesToTotalAssetsTTM": 0.052934120895285944,
        "capexToOperatingCashFlowTTM": -0.10715854194115064,
        "capexToRevenueTTM": -0.036263654603552055,
        "capexToDepreciationTTM": -0.8313458262350937,
        "stockBasedCompensationToRevenueTTM": 0.07445938916549008,
        "grahamNumberTTM": 30.518613840115105,
        "roicTTM": 0.2519572417946402,
        "returnOnTangibleAssetsTTM": 0.2330577327470847,
        "grahamNetNetTTM": 3.363817891373802,
        "workingCapitalTTM": 24494000000,
        "tangibleAssetValueTTM": 24273000000,
        "netCurrentAssetValueTTM": 4.494408945686901,
        "investedCapitalTTM": 0.4391627837065985,
        "averageReceivablesTTM": 4302000000,
        "averagePayablesTTM": 1723500000,
        "averageInventoryTTM": 2419000000,
        "daysSalesOutstandingTTM": 63.06197518020361,
        "daysPayablesOutstandingTTM": 68.94014830508475,
        "daysOfInventoryOnHandTTM": 100.7229872881356,
        "receivablesTurnoverTTM": 5.787956989247312,
        "payablesTurnoverTTM": 5.294447560291643,
        "inventoryTurnoverTTM": 3.6238003838771595,
        "roeTTM": 0.4318783141999978,
        "capexPerShareTTM": -0.38977635782747605,
        "dividendPerShareTTM": 0.2,
        "debtToMarketCapTTM": 0.03735772816718713
    }
]