[
    {
        "revenuePerShareTTM": 26.86815415821501,
        "netIncomePerShareTTM": 1.4645030425963488,
        "operatingCashFlowPerShareTTM": 6.085192697768763,
        "freeCashFlowPerShareTTM": 5.358012170385395,
        "cashPerShareTTM": 10.686612576064908,
        "bookValuePerShareTTM": 58.95638945233266,
        "tangibleBookValuePerShareTTM": 1.2332657200811359,
        "shareholdersEquityPerShareTTM": 58.95638945233266,
        "interestDebtPerShareTTM": 14.179513184584179,
        "marketCapTTM": 186758260000,
        "enterpriseValueTTM": 195275260000,
        "peRatioTTM": 127.97973,
        "priceToSalesRatioTTM": 7.049609693492375,
        "pocfratioTTM": 31.126376666666665,
        "pfcfRatioTTM": 35.3507968957032,
        "pbRatioTTM": 3.2127136983709206,
        "ptbRatioTTM": 3.2127136983709206,
        "evToSalesTTM": 7.371102974482863,
        "enterpriseValueOverEBITDATTM": 40.42966045548654,
        "evToOperatingCashFlowTTM": 32.545876666666665,
        "evToFreeCashFlowTTM": 36.96294908196101,
        "earningsYieldTTM": 0.007731920398058967,
        "freeCashFlowYieldTTM": 0.02828790544525313,
        "debtToEquityTTM": 0.6378352342123824,
        "debtToAssetsTTM": 0.3894379733008434,
        "netDebtToEBITDATTM": 1.7633540372670808,
        "currentRatioTTM": 1.04874242702405,
        "interestCoverageTTM": null,
        "incomeQualityTTM": 4.1551246537396125,
        "dividendYieldTTM": null,
        "dividendYieldPercentageTTM": null,
        "payoutRatioTTM": null,
        "salesGeneralAndAdministrativeToRevenueTTM": 0.09806734108410087,
        "researchAndDevelopementToRevenueTTM": 0.16854144647440736,
        "intangiblesToTotalAssetsTTM": 0.09429780798033799,
        "capexToOperatingCashFlowTTM": -0.1195,
        "capexToRevenueTTM": -0.027064774271478183,
        "capexToDepreciationTTM": -0.21740448756822317,
        "stockBasedCompensationToRevenueTTM": 0.10489959232975993,
        "grahamNumberTTM": 44.075965831758246,
        "roicTTM": 0.007463804633551709,
        "returnOnTangibleAssetsTTM": 0.01674571789727592,
        "grahamNetNetTTM": -19.509888438133874,
        "workingCapitalTTM": 1062000000,
        "tangibleAssetValueTTM": 49153000000,
        "netCurrentAssetValueTTM": -14.43002028397566,
        "investedCapitalTTM": 0.24050850664877604,
        "averageReceivablesTTM": 6879000000,
        "averagePayablesTTM": null,
        "averageInventoryTTM": null,
        "daysSalesOutstandingTTM": 134.1814510040767,
        "daysPayablesOutstandingTTM": 0.0,
        "daysOfInventoryOnHandTTM": 0.0,
        "receivablesTurnoverTTM": 2.7201971454974845,
        "payablesTurnoverTTM": null,
        "inventoryTurnoverTTM": null,
        "roeTTM": 0.027082786301061555,
        "capexPerShareTTM": -0.7271805273833671,
        "dividendPerShareTTM": null,
        "debtToMarketCapTTM": 0.19853472612135067
    }
]