[
    {
        "revenuePerShareTTM": 53.02758620689655,
        "netIncomePerShareTTM": 5.43743842364532,
        "operatingCashFlowPerShareTTM": 11.327093596059113,
        "freeCashFlowPerShareTTM": 3.431527093596059,
        "cashPerShareTTM": 17.445320197044335,
        "bookValuePerShareTTM": 29.742857142857144,
        "tangibleBookValuePerShareTTM": 28.86502463054187,
        "shareholdersEquityPerShareTTM": 29.742857142857144,
        "interestDebtPerShareTTM": 7.098522167487685,
        "marketCapTTM": 990568950000,
        "enterpriseValueTTM": 979826950000,
        "peRatioTTM": 199.12875,
        "priceToSalesRatioTTM": 18.404194303550526,
        "pocfratioTTM": 86.15890667130556,
        "pfcfRatioTTM": 284.4010766580534,
        "pbRatioTTM": 32.81224783861671,
        "ptbRatioTTM": 32.81224783861671,
        "evToSalesTTM": 18.204614198391024,
        "enterpriseValueOverEBITDATTM": 103.13967894736842,
        "evToOperatingCashFlowTTM": 85.22457597634165,
        "evToFreeCashFlowTTM": 281.3169537754809,
        "earningsYieldTTM": 0.005571545524418063,
        "freeCashFlowYieldTTM": 0.003516161091057821,
        "debtToEquityTTM": 1.0307065487429197,
        "debtToAssetsTTM": 0.5008127987639021,
        "netDebtToEBITDATTM": -1.1307368421052633,
        "currentRatioTTM": 1.3752854605430094,
        "interestCoverageTTM": 38.660377358490564,
        "incomeQualityTTM": 2.083167240442109,
        "dividendYieldTTM": null,
        "dividendYieldPercentageTTM": null,
        "payoutRatioTTM": null,
        "salesGeneralAndAdministrativeToRevenueTTM": null,
        "researchAndDevelopementToRevenueTTM": 0.04817643015067908,
        "intangiblesToTotalAssetsTTM": 0.024416152967117865,
        "capexToOperatingCashFlowTTM": -0.6970514047142733,
        "capexToRevenueTTM": -0.14889545361648365,
        "capexToDepreciationTTM": -2.753005839917554,
        "stockBasedCompensationToRevenueTTM": 0.03940694498634413,
        "grahamNumberTTM": 60.32256187194983,
        "roicTTM": 0.3380709942016688,
        "returnOnTangibleAssetsTTM": 0.09105157224403602,
        "grahamNetNetTTM": -8.961330049261084,
        "workingCapitalTTM": 7395000000,
        "tangibleAssetValueTTM": 29498000000,
        "netCurrentAssetValueTTM": -3.9566502463054185,
        "investedCapitalTTM": 0.22637384477789924,
        "averageReceivablesTTM": 1937500000,
        "averagePayablesTTM": 9142500000,
        "averageInventoryTTM": 5478000000,
        "daysSalesOutstandingTTM": 12.972985526633597,
        "daysPayablesOutstandingTTM": 90.98453390357311,
        "daysOfInventoryOnHandTTM": 52.249173235199045,
        "receivablesTurnoverTTM": 28.135389440669105,
        "payablesTurnoverTTM": 4.011670822942643,
        "inventoryTurnoverTTM": 6.985756470383881,
        "roeTTM": 0.21012154611994707,
        "capexPerShareTTM": -7.895566502463054,
        "dividendPerShareTTM": null,
        "debtToMarketCapTTM": 0.031412250505126374
    }
]