[
    {
        "revenuePerShareTTM": 924.8464566929134,
        "netIncomePerShareTTM": 65.67716535433071,
        "operatingCashFlowPerShareTTM": 91.19488188976378,
        "freeCashFlowPerShareTTM": -28.988188976377952,
        "cashPerShareTTM": 189.0728346456693,
        "bookValuePerShareTTM": 272.13582677165357,
        "tangibleBookValuePerShareTTM": 241.8779527559055,
        "shareholdersEquityPerShareTTM": 272.13582677165357,
        "interestDebtPerShareTTM": 232.68503937007873,
        "marketCapTTM": 1552295600000,
        "enterpriseValueTTM": 1632470600000,
        "peRatioTTM": 47.14859,
        "priceToSalesRatioTTM": 3.3040079008645824,
        "pocfratioTTM": 33.507362876940014,
        "pfcfRatioTTM": -105.41189732446014,
        "pbRatioTTM": 11.22858403558899,
        "ptbRatioTTM": 11.22858403558899,
        "evToSalesTTM": 3.4746576362962993,
        "enterpriseValueOverEBITDATTM": 21.983175329921895,
        "evToOperatingCashFlowTTM": 35.23799512163533,
        "evToFreeCashFlowTTM": -110.85634931413826,
        "earningsYieldTTM": 0.021493328976774785,
        "freeCashFlowYieldTTM": -0.009486595207768417,
        "debtToEquityTTM": 2.04205577055228,
        "debtToAssetsTTM": 0.6712749287241201,
        "netDebtToEBITDATTM": 1.0796525720441692,
        "currentRatioTTM": 1.1357597739445826,
        "interestCoverageTTM": 13.75290215588723,
        "incomeQualityTTM": 1.3885325500539503,
        "dividendYieldTTM": null,
        "dividendYieldPercentageTTM": null,
        "payoutRatioTTM": null,
        "salesGeneralAndAdministrativeToRevenueTTM": 0.018779452643767215,
        "researchAndDevelopementToRevenueTTM": 0.11930475797216818,
        "intangiblesToTotalAssetsTTM": 0.0,
        "capexToOperatingCashFlowTTM": -1.3178707880933365,
        "capexToRevenueTTM": -0.12994921480901278,
        "capexToDepreciationTTM": -1.7801784464660602,
        "stockBasedCompensationToRevenueTTM": 0.027152836606204052,
        "grahamNumberTTM": 634.1490109656296,
        "roicTTM": 0.0894017960134108,
        "returnOnTangibleAssetsTTM": 0.07933439385184604,
        "grahamNetNetTTM": -285.9581692913386,
        "workingCapitalTTM": 19314000000,
        "tangibleAssetValueTTM": null,
        "netCurrentAssetValueTTM": -237.64566929133858,
        "investedCapitalTTM": 0.8419472675322797,
        "averageReceivablesTTM": 30750500000,
        "averagePayablesTTM": 75069000000,
        "averageInventoryTTM": 31786500000,
        "daysSalesOutstandingTTM": 25.55268803929999,
        "daysPayablesOutstandingTTM": 79.76918567662102,
        "daysOfInventoryOnHandTTM": 33.098573940873976,
        "receivablesTurnoverTTM": 14.284211486424859,
        "payablesTurnoverTTM": 4.575701718702329,
        "inventoryTurnoverTTM": 11.02766544117647,
        "roeTTM": 0.2798218613974319,
        "capexPerShareTTM": -120.18307086614173,
        "dividendPerShareTTM": null,
        "debtToMarketCapTTM": 0.18186226901628788
    }
]