[
    {
        "revenuePerShareTTM": 29.871162708164174,
        "netIncomePerShareTTM": 1.7313882271967134,
        "operatingCashFlowPerShareTTM": 1.4962386608664793,
        "freeCashFlowPerShareTTM": -0.236687440514919,
        "cashPerShareTTM": 1.8939565846287862,
        "bookValuePerShareTTM": 19.80363605078211,
        "tangibleBookValuePerShareTTM": 19.80363605078211,
        "shareholdersEquityPerShareTTM": 19.80363605078211,
        "interestDebtPerShareTTM": 7.085179947411156,
        "marketCapTTM": 4147153300,
        "enterpriseValueTTM": 5037188300,
        "peRatioTTM": 12.252747,
        "priceToSalesRatioTTM": 0.7465394038346261,
        "pocfratioTTM": 14.90403943117334,
        "pfcfRatioTTM": -94.2170820364859,
        "pbRatioTTM": 1.1260558385751238,
        "ptbRatioTTM": 1.1260558385751238,
        "evToSalesTTM": 0.9067568229235109,
        "enterpriseValueOverEBITDATTM": 8.657253465693671,
        "evToOperatingCashFlowTTM": 18.102647193062527,
        "evToFreeCashFlowTTM": -114.43733784674103,
        "earningsYieldTTM": 0.07764072767698266,
        "freeCashFlowYieldTTM": -0.01061378657017574,
        "debtToEquityTTM": 1.1037160369730175,
        "debtToAssetsTTM": 0.5246506741285891,
        "netDebtToEBITDATTM": 1.5296745186870753,
        "currentRatioTTM": 1.346096244334748,
        "interestCoverageTTM": 2.715701361067629,
        "incomeQualityTTM": 0.8641843795420947,
        "dividendYieldTTM": null,
        "dividendYieldPercentageTTM": null,
        "payoutRatioTTM": null,
        "salesGeneralAndAdministrativeToRevenueTTM": 0.19735795664219097,
        "researchAndDevelopementToRevenueTTM": 0.012240849514956338,
        "intangiblesToTotalAssetsTTM": 0.0,
        "capexToOperatingCashFlowTTM": -1.1581882935559573,
        "capexToRevenueTTM": -0.05801334612622116,
        "capexToDepreciationTTM": -2.0682188651153237,
        "stockBasedCompensationToRevenueTTM": 0.006963783286560088,
        "grahamNumberTTM": 27.775440627743112,
        "roicTTM": 0.029747499002797977,
        "returnOnTangibleAssetsTTM": 0.04155874327871984,
        "grahamNetNetTTM": -18.104598297584033,
        "workingCapitalTTM": 299728000,
        "tangibleAssetValueTTM": null,
        "netCurrentAssetValueTTM": -15.58912411074845,
        "investedCapitalTTM": 0.3373035720201081,
        "averageReceivablesTTM": 180277000,
        "averagePayablesTTM": null,
        "averageInventoryTTM": 459384000,
        "daysSalesOutstandingTTM": 6.920726998453693,
        "daysPayablesOutstandingTTM": 0.0,
        "daysOfInventoryOnHandTTM": 76.64998275775191,
        "receivablesTurnoverTTM": 52.740123990088385,
        "payablesTurnoverTTM": null,
        "inventoryTurnoverTTM": 4.7619058330849535,
        "roeTTM": 0.08727670932858805,
        "capexPerShareTTM": -1.7329261013813981,
        "dividendPerShareTTM": null,
        "debtToMarketCapTTM": 0.980161017920413
    }
]