[
    {
        "revenuePerShareTTM": 21.610732538330495,
        "netIncomePerShareTTM": 3.5511073253833048,
        "operatingCashFlowPerShareTTM": 5.400340715502556,
        "freeCashFlowPerShareTTM": 4.6269165247018735,
        "cashPerShareTTM": 8.09199318568995,
        "bookValuePerShareTTM": 18.50681431005111,
        "tangibleBookValuePerShareTTM": 7.615843270868824,
        "shareholdersEquityPerShareTTM": 18.50681431005111,
        "interestDebtPerShareTTM": 7.904599659284497,
        "marketCapTTM": 118080920000,
        "enterpriseValueTTM": 121931920000,
        "peRatioTTM": 28.573864,
        "priceToSalesRatioTTM": 4.6541689330337785,
        "pocfratioTTM": 18.62475078864353,
        "pfcfRatioTTM": 21.73801914580265,
        "pbRatioTTM": 5.434754913241588,
        "ptbRatioTTM": 5.434754913241588,
        "evToSalesTTM": 4.805956406921288,
        "enterpriseValueOverEBITDATTM": 21.789120800571837,
        "evToOperatingCashFlowTTM": 19.23216403785489,
        "evToFreeCashFlowTTM": 22.446966126656847,
        "earningsYieldTTM": 0.035306296732782905,
        "freeCashFlowYieldTTM": 0.046002351607694114,
        "debtToEquityTTM": 2.4888847977171262,
        "debtToAssetsTTM": 0.7133754600741395,
        "netDebtToEBITDATTM": 0.6881701215153682,
        "currentRatioTTM": 1.2218271398359246,
        "interestCoverageTTM": 18.370689655172413,
        "incomeQualityTTM": 1.5207483809066922,
        "dividendYieldTTM": null,
        "dividendYieldPercentageTTM": null,
        "payoutRatioTTM": null,
        "salesGeneralAndAdministrativeToRevenueTTM": 0.26443577312679833,
        "researchAndDevelopementToRevenueTTM": 0.0,
        "intangiblesToTotalAssetsTTM": 0.017571863910399325,
        "capexToOperatingCashFlowTTM": -0.14321766561514196,
        "capexToRevenueTTM": -0.03578889283039691,
        "capexToDepreciationTTM": -0.7177865612648221,
        "stockBasedCompensationToRevenueTTM": 0.054235150368531,
        "grahamNumberTTM": 38.45377597822415,
        "roicTTM": 0.13004210654787332,
        "returnOnTangibleAssetsTTM": 0.05598152300895651,
        "grahamNetNetTTM": -11.274063032367973,
        "workingCapitalTTM": 9545000000,
        "tangibleAssetValueTTM": 20395000000,
        "netCurrentAssetValueTTM": -1.2793867120954003,
        "investedCapitalTTM": 0.41644037372854054,
        "averageReceivablesTTM": 40670000000,
        "averagePayablesTTM": 38514000000,
        "averageInventoryTTM": null,
        "daysSalesOutstandingTTM": 601.1688542036183,
        "daysPayablesOutstandingTTM": 1198.0887917262255,
        "daysOfInventoryOnHandTTM": 0.0,
        "receivablesTurnoverTTM": 0.6071505492138703,
        "payablesTurnoverTTM": 0.3046518776576669,
        "inventoryTurnoverTTM": null,
        "roeTTM": 0.19813932488147998,
        "capexPerShareTTM": -0.7734241908006815,
        "dividendPerShareTTM": null,
        "debtToMarketCapTTM": 0.45795713651282527
    }
]