[
    {
        "revenuePerShareTTM": 26.364709968739145,
        "netIncomePerShareTTM": 3.8147794373046198,
        "operatingCashFlowPerShareTTM": 5.231243487321986,
        "freeCashFlowPerShareTTM": 3.8743487321986803,
        "cashPerShareTTM": 3.5227509551927754,
        "bookValuePerShareTTM": -7.343869399096909,
        "tangibleBookValuePerShareTTM": -10.792375824939215,
        "shareholdersEquityPerShareTTM": -7.343869399096909,
        "interestDebtPerShareTTM": 21.024053490795414,
        "marketCapTTM": 92911088000.00002,
        "enterpriseValueTTM": 112688588000.00002,
        "peRatioTTM": 21.799515,
        "priceToSalesRatioTTM": 3.060151243676223,
        "pocfratioTTM": 15.422719320086983,
        "pfcfRatioTTM": 20.824145056816914,
        "pbRatioTTM": -10.986034148417916,
        "ptbRatioTTM": -10.986034148417916,
        "evToSalesTTM": 3.711549720699832,
        "enterpriseValueOverEBITDATTM": 14.834277364575794,
        "evToOperatingCashFlowTTM": 18.705673356240563,
        "evToFreeCashFlowTTM": 25.256872492547686,
        "earningsYieldTTM": 0.04728283883620004,
        "freeCashFlowYieldTTM": 0.048021179129879514,
        "debtToEquityTTM": -4.408574942061202,
        "debtToAssetsTTM": 1.2930682287168922,
        "netDebtToEBITDATTM": 2.603501612584743,
        "currentRatioTTM": 0.8132517290468664,
        "interestCoverageTTM": 11.060077519379846,
        "incomeQualityTTM": 1.3713095536181739,
        "dividendYieldTTM": 0.023301933564700048,
        "dividendYieldPercentageTTM": 2.3301933564700046,
        "payoutRatioTTM": 0.4928201042543989,
        "salesGeneralAndAdministrativeToRevenueTTM": 0.06542145341483979,
        "researchAndDevelopementToRevenueTTM": 0.0,
        "intangiblesToTotalAssetsTTM": 0.01049112329584274,
        "capexToOperatingCashFlowTTM": -0.2593828328602493,
        "capexToRevenueTTM": -0.05146632588532884,
        "capexToDepreciationTTM": -1.0266079758228763,
        "stockBasedCompensationToRevenueTTM": 0.01039470910623946,
        "grahamNumberTTM": 25.106631482803987,
        "roicTTM": 0.25793961672893817,
        "returnOnTangibleAssetsTTM": 0.15397421787924884,
        "grahamNetNetTTM": -27.392519103855506,
        "workingCapitalTTM": -1666000000,
        "tangibleAssetValueTTM": -8752800000,
        "netCurrentAssetValueTTM": -26.075981243487323,
        "investedCapitalTTM": -2.807891500733103,
        "averageReceivablesTTM": 1142300000,
        "averagePayablesTTM": 1250500000,
        "averageInventoryTTM": 1620500000,
        "daysSalesOutstandingTTM": 13.843061630480607,
        "daysPayablesOutstandingTTM": 21.708071955719557,
        "daysOfInventoryOnHandTTM": 27.561877306273065,
        "receivablesTurnoverTTM": 26.36699956578376,
        "payablesTurnoverTTM": 16.81402202574841,
        "inventoryTurnoverTTM": 13.242929570582127,
        "roeTTM": -0.6224019948146154,
        "capexPerShareTTM": -1.3568947551233066,
        "dividendPerShareTTM": 1.88,
        "debtToMarketCapTTM": 0.40128902591260146
    }
]