[
    {
        "revenuePerShareTTM": 36.67924592528136,
        "netIncomePerShareTTM": 23.181013077887652,
        "operatingCashFlowPerShareTTM": 4.011842230893121,
        "freeCashFlowPerShareTTM": 3.6079125457396404,
        "cashPerShareTTM": 61.78158934655736,
        "bookValuePerShareTTM": 88.54624960298368,
        "tangibleBookValuePerShareTTM": 84.60919973956285,
        "shareholdersEquityPerShareTTM": 88.54624960298368,
        "interestDebtPerShareTTM": 9.342182278877466,
        "marketCapTTM": 77626123041.9,
        "enterpriseValueTTM": 76296618041.9,
        "peRatioTTM": 26.95394,
        "priceToSalesRatioTTM": 16.83186184518771,
        "pocfratioTTM": 153.88940154372872,
        "pfcfRatioTTM": 171.11833842231724,
        "pbRatioTTM": 6.972401459894204,
        "ptbRatioTTM": 6.972401459894204,
        "evToSalesTTM": 16.54358202899223,
        "enterpriseValueOverEBITDATTM": 23.782864369913185,
        "evToOperatingCashFlowTTM": 151.25373302413823,
        "evToFreeCashFlowTTM": 168.18758937020544,
        "earningsYieldTTM": 0.03754739881092302,
        "freeCashFlowYieldTTM": 0.005843909011855973,
        "debtToEquityTTM": 0.19821821679583873,
        "debtToAssetsTTM": 0.16542747724692006,
        "netDebtToEBITDATTM": -0.414427767647013,
        "currentRatioTTM": 12.151585310494882,
        "interestCoverageTTM": 233.60260869565218,
        "incomeQualityTTM": 0.17306587151361447,
        "dividendYieldTTM": null,
        "dividendYieldPercentageTTM": null,
        "payoutRatioTTM": null,
        "salesGeneralAndAdministrativeToRevenueTTM": 0.08357806488320538,
        "researchAndDevelopementToRevenueTTM": 0.18525795254665367,
        "intangiblesToTotalAssetsTTM": 0.010381875136242622,
        "capexToOperatingCashFlowTTM": -0.10068433948948116,
        "capexToRevenueTTM": -0.011012486079357205,
        "capexToDepreciationTTM": -0.7659407612957713,
        "stockBasedCompensationToRevenueTTM": 0.07172014911133393,
        "grahamNumberTTM": 214.9030358696802,
        "roicTTM": 0.02125770893928746,
        "returnOnTangibleAssetsTTM": 0.22077946769788928,
        "grahamNetNetTTM": 48.21441374741614,
        "workingCapitalTTM": 7836587000,
        "tangibleAssetValueTTM": 10994845000,
        "netCurrentAssetValueTTM": 50.36387115082063,
        "investedCapitalTTM": 0.1054029513692251,
        "averageReceivablesTTM": 700559500,
        "averagePayablesTTM": 317299000,
        "averageInventoryTTM": null,
        "daysSalesOutstandingTTM": 52.86444546403877,
        "daysPayablesOutstandingTTM": 48.65211722654211,
        "daysOfInventoryOnHandTTM": 0.0,
        "receivablesTurnoverTTM": 6.904451504145495,
        "payablesTurnoverTTM": 7.502242878771874,
        "inventoryTurnoverTTM": null,
        "roeTTM": 0.2791415694183836,
        "capexPerShareTTM": -0.40392968515348043,
        "dividendPerShareTTM": null,
        "debtToMarketCapTTM": 0.028428973566138632
    }
]