[
    {
        "revenuePerShareTTM": 1695.2902374670184,
        "netIncomePerShareTTM": 9.313984168865435,
        "operatingCashFlowPerShareTTM": 32.434036939313984,
        "freeCashFlowPerShareTTM": 28.515831134564642,
        "cashPerShareTTM": 18.16622691292876,
        "bookValuePerShareTTM": -8.403693931398417,
        "tangibleBookValuePerShareTTM": -81.65567282321899,
        "shareholdersEquityPerShareTTM": -8.403693931398417,
        "interestDebtPerShareTTM": 54.08970976253298,
        "marketCapTTM": 49260904000,
        "enterpriseValueTTM": 54519904000,
        "peRatioTTM": 36.040375,
        "priceToSalesRatioTTM": 0.1916721944234765,
        "pocfratioTTM": 10.01848769574944,
        "pfcfRatioTTM": 11.3950737913486,
        "pbRatioTTM": -38.666329670329674,
        "ptbRatioTTM": -38.666329670329674,
        "evToSalesTTM": 0.21213475171785873,
        "enterpriseValueOverEBITDATTM": 17.418499680511182,
        "evToOperatingCashFlowTTM": 11.088042302216799,
        "evToFreeCashFlowTTM": 12.611590099467962,
        "earningsYieldTTM": 0.0286637045881253,
        "freeCashFlowYieldTTM": 0.0877572202085451,
        "debtToEquityTTM": -50.62401883830455,
        "debtToAssetsTTM": 1.01235323664218,
        "netDebtToEBITDATTM": 1.6801916932907348,
        "currentRatioTTM": 0.9798954733204079,
        "interestCoverageTTM": 12.914438502673796,
        "incomeQualityTTM": 3.4822946175637393,
        "dividendYieldTTM": 0.006924355265587493,
        "dividendYieldPercentageTTM": 0.6924355265587493,
        "payoutRatioTTM": 0.24157223796033994,
        "salesGeneralAndAdministrativeToRevenueTTM": null,
        "researchAndDevelopementToRevenueTTM": 0.0,
        "intangiblesToTotalAssetsTTM": 0.033433791674514976,
        "capexToOperatingCashFlowTTM": -0.12080536912751678,
        "capexToRevenueTTM": -0.0023112300880135093,
        "capexToDepreciationTTM": -0.7252747252747253,
        "stockBasedCompensationToRevenueTTM": 0.0,
        "grahamNumberTTM": 41.9656660299023,
        "roicTTM": 0.148560531496063,
        "returnOnTangibleAssetsTTM": 0.022930267303257656,
        "grahamNetNetTTM": -253.71207124010553,
        "workingCapitalTTM": -954000000,
        "tangibleAssetValueTTM": -2917000000,
        "netCurrentAssetValueTTM": -118.7137203166227,
        "investedCapitalTTM": -6.289638932496075,
        "averageReceivablesTTM": 19247500000,
        "averagePayablesTTM": 38052500000,
        "averageInventoryTTM": 19183000000,
        "daysSalesOutstandingTTM": 26.067776627783008,
        "daysPayablesOutstandingTTM": 55.64560039688885,
        "daysOfInventoryOnHandTTM": 28.47005088213467,
        "receivablesTurnoverTTM": 14.001961318441841,
        "payablesTurnoverTTM": 6.559368528628674,
        "inventoryTurnoverTTM": 12.820489907485282,
        "roeTTM": -2.3582463465553234,
        "capexPerShareTTM": -3.9182058047493404,
        "dividendPerShareTTM": 2.25,
        "debtToMarketCapTTM": 1.3092532772033578
    }
]