[
    {
        "revenuePerShareTTM": 0.766436321556604,
        "netIncomePerShareTTM": -0.2586680147373151,
        "operatingCashFlowPerShareTTM": 0.16594938571323475,
        "freeCashFlowPerShareTTM": 0.15967280456355715,
        "cashPerShareTTM": 1.2550314052741773,
        "bookValuePerShareTTM": 1.1388164814560753,
        "tangibleBookValuePerShareTTM": 1.1388164814560753,
        "shareholdersEquityPerShareTTM": 1.1388164814560753,
        "interestDebtPerShareTTM": 0.13108545535162175,
        "marketCapTTM": 25549402800,
        "enterpriseValueTTM": 23518801800,
        "peRatioTTM": -49.09768226619445,
        "priceToSalesRatioTTM": 16.570195909044035,
        "pocfratioTTM": 76.52935830654992,
        "pfcfRatioTTM": 79.53765223021941,
        "pbRatioTTM": 11.151928521232808,
        "ptbRatioTTM": 11.151928521232808,
        "evToSalesTTM": 15.253239240957035,
        "enterpriseValueOverEBITDATTM": -50.044582376685526,
        "evToOperatingCashFlowTTM": 70.44700120712534,
        "evToFreeCashFlowTTM": 73.21620364605384,
        "earningsYieldTTM": -0.020367560215536623,
        "freeCashFlowYieldTTM": 0.012572661776658044,
        "debtToEquityTTM": 0.4174628878713941,
        "debtToAssetsTTM": 0.2945141572618516,
        "netDebtToEBITDATTM": 4.320822968909922,
        "currentRatioTTM": 4.33785665264271,
        "interestCoverageTTM": -112.92472527472528,
        "incomeQualityTTM": -0.6415535600014605,
        "dividendYieldTTM": null,
        "dividendYieldPercentageTTM": null,
        "payoutRatioTTM": null,
        "salesGeneralAndAdministrativeToRevenueTTM": 0.39661220749353554,
        "researchAndDevelopementToRevenueTTM": 0.2513066764209356,
        "intangiblesToTotalAssetsTTM": 0.0,
        "capexToOperatingCashFlowTTM": -0.03782226202707196,
        "capexToRevenueTTM": -0.008189305455840207,
        "capexToDepreciationTTM": -0.8476203262401826,
        "stockBasedCompensationToRevenueTTM": 0.504715319974395,
        "grahamNumberTTM": 2.5744798434224516,
        "roicTTM": -0.15886517257358673,
        "returnOnTangibleAssetsTTM": -0.1602423439929791,
        "grahamNetNetTTM": 0.8507952473550575,
        "workingCapitalTTM": 2203189000,
        "tangibleAssetValueTTM": null,
        "netCurrentAssetValueTTM": 0.9478398062595812,
        "investedCapitalTTM": 0.11351793734695748,
        "averageReceivablesTTM": 182664000,
        "averagePayablesTTM": 46280500,
        "averageInventoryTTM": null,
        "daysSalesOutstandingTTM": 45.19579230411528,
        "daysPayablesOutstandingTTM": 80.55607771269638,
        "daysOfInventoryOnHandTTM": 0.0,
        "receivablesTurnoverTTM": 8.075973036250216,
        "payablesTurnoverTTM": 4.531005113006795,
        "inventoryTurnoverTTM": null,
        "roeTTM": -0.24738744700494128,
        "capexPerShareTTM": -0.0062765811496775965,
        "dividendPerShareTTM": null,
        "debtToMarketCapTTM": 0.03743414307907032
    }
]