[
    {
        "revenuePerShareTTM": 25.65716189207195,
        "netIncomePerShareTTM": 9.654363757495004,
        "operatingCashFlowPerShareTTM": 11.607728181212526,
        "freeCashFlowPerShareTTM": 8.480879413724184,
        "cashPerShareTTM": 13.949766822118587,
        "bookValuePerShareTTM": 21.708727514990006,
        "tangibleBookValuePerShareTTM": 11.21985343104597,
        "shareholdersEquityPerShareTTM": 21.708727514990006,
        "interestDebtPerShareTTM": 8.38107928047968,
        "marketCapTTM": 2028001100000.0002,
        "enterpriseValueTTM": 2076786100000.0002,
        "peRatioTTM": 28.780489,
        "priceToSalesRatioTTM": 10.53195209730106,
        "pocfratioTTM": 23.279318380090913,
        "pfcfRatioTTM": 31.862261779446655,
        "pbRatioTTM": 12.447528295401538,
        "ptbRatioTTM": 12.447528295401538,
        "evToSalesTTM": 10.785305649755658,
        "enterpriseValueOverEBITDATTM": 21.175273257473798,
        "evToOperatingCashFlowTTM": 23.839318839248822,
        "evToFreeCashFlowTTM": 32.62873100912819,
        "earningsYieldTTM": 0.03572779127190809,
        "freeCashFlowYieldTTM": 0.03138509145779063,
        "debtToEquityTTM": 1.1151395742800323,
        "debtToAssetsTTM": 0.5272179613298628,
        "netDebtToEBITDATTM": 0.49742036787797217,
        "currentRatioTTM": 1.987654799261354,
        "interestCoverageTTM": 50.676561533704394,
        "incomeQualityTTM": 1.2023296897427405,
        "dividendYieldTTM": 0.008733624454148471,
        "dividendYieldPercentageTTM": 0.8733624454148471,
        "payoutRatioTTM": 0.24444904493761735,
        "salesGeneralAndAdministrativeToRevenueTTM": 0.02946140623295959,
        "researchAndDevelopementToRevenueTTM": 0.1212627949126752,
        "intangiblesToTotalAssetsTTM": 0.032930265490834484,
        "capexToOperatingCashFlowTTM": -0.2693764635658203,
        "capexToRevenueTTM": -0.1218704072041006,
        "capexToDepreciationTTM": -1.6974321880650995,
        "stockBasedCompensationToRevenueTTM": 0.03674756046261626,
        "grahamNumberTTM": 68.67050985099948,
        "roicTTM": 0.3067133788477662,
        "returnOnTangibleAssetsTTM": 0.21741648387590432,
        "grahamNetNetTTM": -6.779780146568954,
        "workingCapitalTTM": 76483000000,
        "tangibleAssetValueTTM": 151576000000,
        "netCurrentAssetValueTTM": -3.6990006662225183,
        "investedCapitalTTM": 0.3761447055068621,
        "averageReceivablesTTM": 33066500000,
        "averagePayablesTTM": 15699500000,
        "averageInventoryTTM": 3157500000,
        "daysSalesOutstandingTTM": 61.81933141874873,
        "daysPayablesOutstandingTTM": 97.50589583471734,
        "daysOfInventoryOnHandTTM": 19.980070417856904,
        "receivablesTurnoverTTM": 5.90430196547389,
        "payablesTurnoverTTM": 3.74336338203295,
        "inventoryTurnoverTTM": 18.268203883495147,
        "roeTTM": 0.46980710001621007,
        "capexPerShareTTM": -3.126848767488341,
        "dividendPerShareTTM": 2.3600000000000003,
        "debtToMarketCapTTM": 0.08958722951383014
    }
]