[
    {
        "revenuePerShareTTM": 49.46537678207739,
        "netIncomePerShareTTM": -4.69959266802444,
        "operatingCashFlowPerShareTTM": 17.058044806517312,
        "freeCashFlowPerShareTTM": 15.330957230142566,
        "cashPerShareTTM": 34.015274949083505,
        "bookValuePerShareTTM": 1.19959266802444,
        "tangibleBookValuePerShareTTM": -31.134419551934826,
        "shareholdersEquityPerShareTTM": 1.19959266802444,
        "interestDebtPerShareTTM": 41.23014256619145,
        "marketCapTTM": 57033578000,
        "enterpriseValueTTM": 59067178000,
        "peRatioTTM": -123.58305092091005,
        "priceToSalesRatioTTM": 11.741343901183736,
        "pocfratioTTM": 34.0478646050982,
        "pfcfRatioTTM": 37.88347924277649,
        "pbRatioTTM": 484.15601018675716,
        "ptbRatioTTM": 484.15601018675716,
        "evToSalesTTM": 12.159995470921256,
        "enterpriseValueOverEBITDATTM": -8319.320845070422,
        "evToOperatingCashFlowTTM": 35.26188167870575,
        "evToFreeCashFlowTTM": 39.234259714380606,
        "earningsYieldTTM": -0.008091724492543674,
        "freeCashFlowYieldTTM": 0.026396730711862406,
        "debtToEquityTTM": 87.28947368421052,
        "debtToAssetsTTM": 0.9886736214605067,
        "netDebtToEBITDATTM": -286.4225352112676,
        "currentRatioTTM": 0.657350399654353,
        "interestCoverageTTM": -3.5394594594594593,
        "incomeQualityTTM": -3.629685807150596,
        "dividendYieldTTM": null,
        "dividendYieldPercentageTTM": null,
        "payoutRatioTTM": null,
        "salesGeneralAndAdministrativeToRevenueTTM": 0.08279979413278435,
        "researchAndDevelopementToRevenueTTM": 0.2747915594441585,
        "intangiblesToTotalAssetsTTM": 0.042680640353829145,
        "capexToOperatingCashFlowTTM": -0.10124768670527133,
        "capexToRevenueTTM": -0.03491507977354606,
        "capexToDepreciationTTM": -0.5216856351891725,
        "stockBasedCompensationToRevenueTTM": 0.20325270200720535,
        "grahamNumberTTM": 11.26258986261284,
        "roicTTM": -0.10934838515747637,
        "returnOnTangibleAssetsTTM": -0.04635116405198562,
        "grahamNetNetTTM": -63.42413441955193,
        "workingCapitalTTM": -2537800000,
        "tangibleAssetValueTTM": -326100000,
        "netCurrentAssetValueTTM": -55.133401221995925,
        "investedCapitalTTM": 33.5848896434635,
        "averageReceivablesTTM": 882150000,
        "averagePayablesTTM": 107850000,
        "averageInventoryTTM": null,
        "daysSalesOutstandingTTM": 71.5497683993824,
        "daysPayablesOutstandingTTM": 29.785820794360852,
        "daysOfInventoryOnHandTTM": 0.0,
        "receivablesTurnoverTTM": 5.101344255408527,
        "payablesTurnoverTTM": 12.254152823920267,
        "inventoryTurnoverTTM": null,
        "roeTTM": -0.7699687174139729,
        "capexPerShareTTM": -1.7270875763747455,
        "dividendPerShareTTM": null,
        "debtToMarketCapTTM": 0.18029203778868652
    }
]