[
    {
        "revenuePerShareTTM": 8.403574198552223,
        "netIncomePerShareTTM": -5.483525077559462,
        "operatingCashFlowPerShareTTM": 0.6729511375387798,
        "freeCashFlowPerShareTTM": 0.5646328852119958,
        "cashPerShareTTM": 16.169797052740435,
        "bookValuePerShareTTM": 38.2746639089969,
        "tangibleBookValuePerShareTTM": 1.3155700620475699,
        "shareholdersEquityPerShareTTM": 38.2746639089969,
        "interestDebtPerShareTTM": 13.710063340227508,
        "marketCapTTM": 20065636800,
        "enterpriseValueTTM": 21834541800,
        "peRatioTTM": -23.65084469673307,
        "priceToSalesRatioTTM": 15.432719094970702,
        "pocfratioTTM": 192.7183011746175,
        "pfcfRatioTTM": 229.68906593406592,
        "pbRatioTTM": 3.388403365431378,
        "ptbRatioTTM": 3.388403365431378,
        "evToSalesTTM": 16.793204896781344,
        "enterpriseValueOverEBITDATTM": -33.59666811303858,
        "evToOperatingCashFlowTTM": 209.70756346103977,
        "evToFreeCashFlowTTM": 249.93752060439562,
        "earningsYieldTTM": -0.042281787937076584,
        "freeCashFlowYieldTTM": 0.004353711814418967,
        "debtToEquityTTM": 0.5545286815484876,
        "debtToAssetsTTM": 0.3567182054152348,
        "netDebtToEBITDATTM": -2.721802671787439,
        "currentRatioTTM": 2.4465869974879424,
        "interestCoverageTTM": -8.321613764075416,
        "incomeQualityTTM": -0.12272235979967257,
        "dividendYieldTTM": null,
        "dividendYieldPercentageTTM": null,
        "payoutRatioTTM": null,
        "salesGeneralAndAdministrativeToRevenueTTM": 0.33172870963797135,
        "researchAndDevelopementToRevenueTTM": 0.36091265888889484,
        "intangiblesToTotalAssetsTTM": 0.0344317294891912,
        "capexToOperatingCashFlowTTM": -0.16096005532131502,
        "capexToRevenueTTM": -0.012889545539497355,
        "capexToDepreciationTTM": -0.15573541984165334,
        "stockBasedCompensationToRevenueTTM": 0.4349173704681045,
        "grahamNumberTTM": 68.71900600309388,
        "roicTTM": -0.0963347599093746,
        "returnOnTangibleAssetsTTM": -0.0954479758462601,
        "grahamNetNetTTM": -3.1276903438469494,
        "workingCapitalTTM": 1797827000,
        "tangibleAssetValueTTM": 5604888000,
        "netCurrentAssetValueTTM": -1.5719105480868667,
        "investedCapitalTTM": 0.34263565341676666,
        "averageReceivablesTTM": 325538500,
        "averagePayablesTTM": 15875000,
        "averageInventoryTTM": null,
        "daysSalesOutstandingTTM": 111.59104246189628,
        "daysPayablesOutstandingTTM": 18.602426810963536,
        "daysOfInventoryOnHandTTM": 0.0,
        "receivablesTurnoverTTM": 3.2708718544737354,
        "payablesTurnoverTTM": 19.621095876849974,
        "inventoryTurnoverTTM": null,
        "roeTTM": -0.18214668919568433,
        "capexPerShareTTM": -0.10831825232678387,
        "dividendPerShareTTM": null,
        "debtToMarketCapTTM": 0.16365486093120155
    }
]