[
    {
        "revenuePerShareTTM": 473.8685775985465,
        "netIncomePerShareTTM": 12.42721860679,
        "operatingCashFlowPerShareTTM": 22.388379322082038,
        "freeCashFlowPerShareTTM": 13.597130897180714,
        "cashPerShareTTM": 27.717228367329916,
        "bookValuePerShareTTM": 43.77140049095741,
        "tangibleBookValuePerShareTTM": 45.02922526559714,
        "shareholdersEquityPerShareTTM": 43.77140049095741,
        "interestDebtPerShareTTM": 21.218467031691322,
        "marketCapTTM": 262221119070,
        "enterpriseValueTTM": 259648119070,
        "peRatioTTM": 47.63014,
        "priceToSalesRatioTTM": 1.2473711656415454,
        "pocfratioTTM": 26.401643079943618,
        "pfcfRatioTTM": 43.47167093335544,
        "pbRatioTTM": 13.504023023483366,
        "ptbRatioTTM": 13.504023023483366,
        "evToSalesTTM": 1.2351315488609498,
        "enterpriseValueOverEBITDATTM": 27.75501005558525,
        "evToOperatingCashFlowTTM": 26.142581460934352,
        "evToFreeCashFlowTTM": 43.04511257791777,
        "earningsYieldTTM": 0.02102424099001844,
        "freeCashFlowYieldTTM": 0.023003486604714535,
        "debtToEquityTTM": 2.2196930682871563,
        "debtToAssetsTTM": 0.6833127239291037,
        "netDebtToEBITDATTM": -0.275040085515767,
        "currentRatioTTM": 1.0323347598668569,
        "interestCoverageTTM": 44.5688622754491,
        "incomeQualityTTM": 1.801559949210956,
        "dividendYieldTTM": 0.005346055592211,
        "dividendYieldPercentageTTM": 0.5346055592211,
        "payoutRatioTTM": 0.25428055142390715,
        "salesGeneralAndAdministrativeToRevenueTTM": null,
        "researchAndDevelopementToRevenueTTM": 0.0,
        "intangiblesToTotalAssetsTTM": 0.0,
        "capexToOperatingCashFlowTTM": -0.39267015706806285,
        "capexToRevenueTTM": -0.018552081400824854,
        "capexToDepreciationTTM": -2.13231273920175,
        "stockBasedCompensationToRevenueTTM": 0.003415485755331345,
        "grahamNumberTTM": 110.6301367580094,
        "roicTTM": 0.23603843592426982,
        "returnOnTangibleAssetsTTM": 0.08739972732172865,
        "grahamNetNetTTM": -47.08840614666057,
        "workingCapitalTTM": 1020000000,
        "tangibleAssetValueTTM": null,
        "netCurrentAssetValueTTM": -23.75214991107314,
        "investedCapitalTTM": 0.4761561437841178,
        "averageReceivablesTTM": 2082000000,
        "averagePayablesTTM": 18325000000,
        "averageInventoryTTM": 16713500000,
        "daysSalesOutstandingTTM": 3.8753870963138444,
        "daysPayablesOutstandingTTM": 33.970084469302954,
        "daysOfInventoryOnHandTTM": 32.76943311349167,
        "receivablesTurnoverTTM": 94.18413978494624,
        "payablesTurnoverTTM": 10.744748083562525,
        "inventoryTurnoverTTM": 11.138428874734608,
        "roeTTM": 0.3065886245776968,
        "capexPerShareTTM": -8.791248424901324,
        "dividendPerShareTTM": 3.16,
        "debtToMarketCapTTM": 0.16437272540391343
    }
]