[
    {
        "revenuePerShareTTM": 473.8685775985465,
        "netIncomePerShareTTM": 12.42721860679,
        "operatingCashFlowPerShareTTM": 22.388379322082038,
        "freeCashFlowPerShareTTM": 13.597130897180714,
        "cashPerShareTTM": 27.717228367329916,
        "bookValuePerShareTTM": 43.77140049095741,
        "tangibleBookValuePerShareTTM": 45.02922526559714,
        "shareholdersEquityPerShareTTM": 43.77140049095741,
        "interestDebtPerShareTTM": 21.218467031691322,
        "marketCapTTM": 235883221560,
        "enterpriseValueTTM": 233310221560,
        "peRatioTTM": 42.84609,
        "priceToSalesRatioTTM": 1.122083263453827,
        "pocfratioTTM": 23.749820938380992,
        "pfcfRatioTTM": 39.10530861405836,
        "pbRatioTTM": 12.147657923576064,
        "ptbRatioTTM": 12.147657923576064,
        "evToSalesTTM": 1.1098436466732313,
        "enterpriseValueOverEBITDATTM": 24.939628173169428,
        "evToOperatingCashFlowTTM": 23.490759319371726,
        "evToFreeCashFlowTTM": 38.67875025862069,
        "earningsYieldTTM": 0.023371734384243583,
        "freeCashFlowYieldTTM": 0.025571975658581048,
        "debtToEquityTTM": 2.2196930682871563,
        "debtToAssetsTTM": 0.6833127239291037,
        "netDebtToEBITDATTM": -0.275040085515767,
        "currentRatioTTM": 1.0323347598668569,
        "interestCoverageTTM": 44.5688622754491,
        "incomeQualityTTM": 1.801559949210956,
        "dividendYieldTTM": 0.00614985330625141,
        "dividendYieldPercentageTTM": 0.614985330625141,
        "payoutRatioTTM": 0.2631320896063849,
        "salesGeneralAndAdministrativeToRevenueTTM": null,
        "researchAndDevelopementToRevenueTTM": 0.0,
        "intangiblesToTotalAssetsTTM": 0.0,
        "capexToOperatingCashFlowTTM": -0.39267015706806285,
        "capexToRevenueTTM": -0.018552081400824854,
        "capexToDepreciationTTM": -2.13231273920175,
        "stockBasedCompensationToRevenueTTM": 0.003415485755331345,
        "grahamNumberTTM": 110.6301367580094,
        "roicTTM": 0.23603843592426982,
        "returnOnTangibleAssetsTTM": 0.08739972732172865,
        "grahamNetNetTTM": -47.08840614666057,
        "workingCapitalTTM": 1020000000,
        "tangibleAssetValueTTM": null,
        "netCurrentAssetValueTTM": -23.75214991107314,
        "investedCapitalTTM": 0.4761561437841178,
        "averageReceivablesTTM": 2082000000,
        "averagePayablesTTM": 18325000000,
        "averageInventoryTTM": 16713500000,
        "daysSalesOutstandingTTM": 3.8753870963138444,
        "daysPayablesOutstandingTTM": 33.970084469302954,
        "daysOfInventoryOnHandTTM": 32.76943311349167,
        "receivablesTurnoverTTM": 94.18413978494624,
        "payablesTurnoverTTM": 10.744748083562525,
        "inventoryTurnoverTTM": 11.138428874734608,
        "roeTTM": 0.3065886245776968,
        "capexPerShareTTM": -8.791248424901324,
        "dividendPerShareTTM": 3.27,
        "debtToMarketCapTTM": 0.18272601041713532
    }
]