[
    {
        "revenuePerShareTTM": 19.42098795772917,
        "netIncomePerShareTTM": 4.88277217989678,
        "operatingCashFlowPerShareTTM": 7.3706070287539935,
        "freeCashFlowPerShareTTM": 2.374539198820349,
        "cashPerShareTTM": 6.982796755959695,
        "bookValuePerShareTTM": 23.44335217498157,
        "tangibleBookValuePerShareTTM": 15.030228557385106,
        "shareholdersEquityPerShareTTM": 23.44335217498157,
        "interestDebtPerShareTTM": 9.510444826738757,
        "marketCapTTM": 189493330000,
        "enterpriseValueTTM": 222767330000,
        "peRatioTTM": 9.582304,
        "priceToSalesRatioTTM": 2.3979212644259973,
        "pocfratioTTM": 6.318339835283918,
        "pfcfRatioTTM": 19.6122262471538,
        "pbRatioTTM": 1.9864906542545941,
        "ptbRatioTTM": 1.9864906542545941,
        "evToSalesTTM": 2.8189832202875076,
        "enterpriseValueOverEBITDATTM": 6.5342992490906955,
        "evToOperatingCashFlowTTM": 7.427806008469207,
        "evToFreeCashFlowTTM": 23.056026702546056,
        "earningsYieldTTM": 0.10484801760568564,
        "freeCashFlowYieldTTM": 0.05098860207902832,
        "debtToEquityTTM": 0.7654286043756748,
        "debtToAssetsTTM": 0.43356531239979573,
        "netDebtToEBITDATTM": 0.9760061011380969,
        "currentRatioTTM": 2.1017405869929355,
        "interestCoverageTTM": 32.58961474036851,
        "incomeQualityTTM": 1.5095127843768874,
        "dividendYieldTTM": 0.030255529310715047,
        "dividendYieldPercentageTTM": 3.0255529310715046,
        "payoutRatioTTM": 0.2885655828467888,
        "salesGeneralAndAdministrativeToRevenueTTM": null,
        "researchAndDevelopementToRevenueTTM": 0.19222008503745697,
        "intangiblesToTotalAssetsTTM": 0.043169483272567484,
        "capexToOperatingCashFlowTTM": -0.677836684338635,
        "capexToRevenueTTM": -0.2572509617331444,
        "capexToDepreciationTTM": -1.7239654002713705,
        "stockBasedCompensationToRevenueTTM": 0.02576432476209759,
        "grahamNumberTTM": 50.74980123684487,
        "roicTTM": 0.1380406402542854,
        "returnOnTangibleAssetsTTM": 0.12329957303147651,
        "grahamNetNetTTM": -7.894138608994839,
        "workingCapitalTTM": 30256000000,
        "tangibleAssetValueTTM": 88121000000,
        "netCurrentAssetValueTTM": -3.759400344064881,
        "investedCapitalTTM": 0.39941923242234595,
        "averageReceivablesTTM": 8928500000,
        "averagePayablesTTM": 6269500000,
        "averageInventoryTTM": 10287000000,
        "daysSalesOutstandingTTM": 43.68046416278599,
        "daysPayablesOutstandingTTM": 59.577238774177054,
        "daysOfInventoryOnHandTTM": 111.711210201937,
        "receivablesTurnoverTTM": 8.356138310246378,
        "payablesTurnoverTTM": 6.126500783017226,
        "inventoryTurnoverTTM": 3.267353377876763,
        "roeTTM": 0.22674411969460073,
        "capexPerShareTTM": -4.9960678299336445,
        "dividendPerShareTTM": 1.4089999999999998,
        "debtToMarketCapTTM": 0.38531699242395495
    }
]