[
    {
        "revenuePerShareTTM": 11.062464746307715,
        "netIncomePerShareTTM": 5.114903054744428,
        "operatingCashFlowPerShareTTM": 5.7250077702015645,
        "freeCashFlowPerShareTTM": 5.7250077702015645,
        "cashPerShareTTM": 7.593693282324998,
        "bookValuePerShareTTM": -5.820936184581618,
        "tangibleBookValuePerShareTTM": -8.23065795380855,
        "shareholdersEquityPerShareTTM": -5.820936184581618,
        "interestDebtPerShareTTM": 21.583893235511933,
        "marketCapTTM": 12021985430,
        "enterpriseValueTTM": 16055985430,
        "peRatioTTM": 9.443193,
        "priceToSalesRatioTTM": 4.1699567915365945,
        "pocfratioTTM": 8.057630985254692,
        "pfcfRatioTTM": 8.057630985254692,
        "pbRatioTTM": -7.92484207646671,
        "ptbRatioTTM": -7.92484207646671,
        "evToSalesTTM": 5.569193697537288,
        "enterpriseValueOverEBITDATTM": 11.937535635687732,
        "evToOperatingCashFlowTTM": 10.761384336461125,
        "evToFreeCashFlowTTM": 10.761384336461125,
        "earningsYieldTTM": 0.11088018761639773,
        "freeCashFlowYieldTTM": 0.12410595643185703,
        "debtToEquityTTM": -4.972313777191826,
        "debtToAssetsTTM": 1.251742449385994,
        "netDebtToEBITDATTM": 2.9992565055762084,
        "currentRatioTTM": 2.332558139534884,
        "interestCoverageTTM": -6.337628865979381,
        "incomeQualityTTM": 1.1192798199549887,
        "dividendYieldTTM": 0.01409061348363321,
        "dividendYieldPercentageTTM": 1.409061348363321,
        "payoutRatioTTM": 0.12707963240810202,
        "salesGeneralAndAdministrativeToRevenueTTM": -0.6403052375997225,
        "researchAndDevelopementToRevenueTTM": 0.0,
        "intangiblesToTotalAssetsTTM": 0.0,
        "capexToOperatingCashFlowTTM": -0.16152815013404825,
        "capexToRevenueTTM": -0.08359347901491503,
        "capexToDepreciationTTM": -0.7774193548387097,
        "stockBasedCompensationToRevenueTTM": 0.013180714533472077,
        "grahamNumberTTM": 25.882509463337403,
        "roicTTM": 0.519214527027027,
        "returnOnTangibleAssetsTTM": 0.22120809824095586,
        "grahamNetNetTTM": -19.298878404979067,
        "workingCapitalTTM": 1719000000,
        "tangibleAssetValueTTM": null,
        "netCurrentAssetValueTTM": -17.397577231966416,
        "investedCapitalTTM": -3.963744232036915,
        "averageReceivablesTTM": 241000000,
        "averagePayablesTTM": 545000000,
        "averageInventoryTTM": 929000000,
        "daysSalesOutstandingTTM": 30.385015608740897,
        "daysPayablesOutstandingTTM": 39.42761360814502,
        "daysOfInventoryOnHandTTM": 64.26247827166625,
        "receivablesTurnoverTTM": 12.0125,
        "payablesTurnoverTTM": 9.257471264367815,
        "inventoryTurnoverTTM": 5.679830747531735,
        "roeTTM": -1.0846216436126932,
        "capexPerShareTTM": -0.9247499146237113,
        "dividendPerShareTTM": 0.65,
        "debtToMarketCapTTM": 0.6274337998428268
    }
]