[
    {
        "revenuePerShareTTM": 44.331837447020696,
        "netIncomePerShareTTM": 12.516828721017204,
        "operatingCashFlowPerShareTTM": 27.926701570680628,
        "freeCashFlowPerShareTTM": 25.44677137870855,
        "cashPerShareTTM": 11.774121166791323,
        "bookValuePerShareTTM": 21.965594614809273,
        "tangibleBookValuePerShareTTM": 8.305659436549488,
        "shareholdersEquityPerShareTTM": 21.965594614809273,
        "interestDebtPerShareTTM": 9.99700822737472,
        "marketCapTTM": 228883262790,
        "enterpriseValueTTM": 228510862790,
        "peRatioTTM": 41.26393,
        "priceToSalesRatioTTM": 10.94119019045075,
        "pocfratioTTM": 17.368433711098614,
        "pfcfRatioTTM": 22.424805548316304,
        "pbRatioTTM": 22.081945583798696,
        "ptbRatioTTM": 22.081945583798696,
        "evToSalesTTM": 12.851045344318534,
        "enterpriseValueOverEBITDATTM": 35.328354532945795,
        "evToOperatingCashFlowTTM": 20.40020558055243,
        "evToFreeCashFlowTTM": 22.388319710582266,
        "earningsYieldTTM": 0.02580560289222402,
        "freeCashFlowYieldTTM": 0.04459347475033432,
        "debtToEquityTTM": 2.4313765549804778,
        "debtToAssetsTTM": 0.7085717687997407,
        "netDebtToEBITDATTM": -0.057573977304350515,
        "currentRatioTTM": 1.33762341325811,
        "interestCoverageTTM": 102.82444061962134,
        "incomeQualityTTM": 2.2311323573349267,
        "dividendYieldTTM": 0.008911064422702342,
        "dividendYieldPercentageTTM": 0.8911064422702342,
        "payoutRatioTTM": 0.34531510307738267,
        "salesGeneralAndAdministrativeToRevenueTTM": null,
        "researchAndDevelopementToRevenueTTM": 0.14972302674127605,
        "intangiblesToTotalAssetsTTM": 0.030543996718686947,
        "capexToOperatingCashFlowTTM": -0.08880139982502187,
        "capexToRevenueTTM": -0.0559401625284706,
        "capexToDepreciationTTM": -2.0547407560421402,
        "stockBasedCompensationToRevenueTTM": 0.006073728313134437,
        "grahamNumberTTM": 78.65202270030615,
        "roicTTM": 0.35947409591431495,
        "returnOnTangibleAssetsTTM": 0.17129901325217345,
        "grahamNetNetTTM": -22.94608576414859,
        "workingCapitalTTM": 4596000000,
        "tangibleAssetValueTTM": 7887000000,
        "netCurrentAssetValueTTM": -8.009473946646722,
        "investedCapitalTTM": 0.44852674112412605,
        "averageReceivablesTTM": 5182350000,
        "averagePayablesTTM": null,
        "averageInventoryTTM": 5626350000,
        "daysSalesOutstandingTTM": 122.0224671709361,
        "daysPayablesOutstandingTTM": 0.0,
        "daysOfInventoryOnHandTTM": 257.953606627957,
        "receivablesTurnoverTTM": 2.991252418201699,
        "payablesTurnoverTTM": null,
        "inventoryTurnoverTTM": 1.414983123404956,
        "roeTTM": 0.47199900344797596,
        "capexPerShareTTM": -2.479930191972077,
        "dividendPerShareTTM": 4.3222499999999995,
        "debtToMarketCapTTM": 0.09359094124612378
    }
]