[
    {
        "revenuePerShareTTM": 3.4981570122700294,
        "netIncomePerShareTTM": -0.4246334894476289,
        "operatingCashFlowPerShareTTM": -0.41886983004692036,
        "freeCashFlowPerShareTTM": -0.41850754288459013,
        "cashPerShareTTM": 1.0229562272354666,
        "bookValuePerShareTTM": 1.966297105949146,
        "tangibleBookValuePerShareTTM": 1.9369847809969711,
        "shareholdersEquityPerShareTTM": 1.966297105949146,
        "interestDebtPerShareTTM": 0.4074413168352297,
        "marketCapTTM": 420826393.68,
        "enterpriseValueTTM": 407562393.68,
        "peRatioTTM": -10.879970880322656,
        "priceToSalesRatioTTM": 1.3206954358523726,
        "pocfratioTTM": -11.029679553388897,
        "pfcfRatioTTM": -11.03922755646494,
        "pbRatioTTM": 2.3495940598304914,
        "ptbRatioTTM": 2.3495940598304914,
        "evToSalesTTM": 1.2790685214662314,
        "enterpriseValueOverEBITDATTM": -11.687717406440882,
        "evToOperatingCashFlowTTM": -10.682035793887929,
        "evToFreeCashFlowTTM": -10.691282854069936,
        "earningsYieldTTM": -0.09191201070294998,
        "freeCashFlowYieldTTM": -0.09058604824341777,
        "debtToEquityTTM": 0.5219869797773385,
        "debtToAssetsTTM": 0.34296415587845797,
        "netDebtToEBITDATTM": 0.3803733761578389,
        "currentRatioTTM": 4.410256410256411,
        "interestCoverageTTM": 88.95169082125604,
        "incomeQualityTTM": 0.9864267431939813,
        "dividendYieldTTM": null,
        "dividendYieldPercentageTTM": null,
        "payoutRatioTTM": null,
        "salesGeneralAndAdministrativeToRevenueTTM": 0.20510921416018077,
        "researchAndDevelopementToRevenueTTM": 0.02410557368817474,
        "intangiblesToTotalAssetsTTM": 0.0016141043371717223,
        "capexToOperatingCashFlowTTM": -0.0008649158672747288,
        "capexToRevenueTTM": 0.00010356515189555611,
        "capexToDepreciationTTM": 0.007959479015918957,
        "stockBasedCompensationToRevenueTTM": 0.05287157921164951,
        "grahamNumberTTM": 4.334339745713769,
        "roicTTM": -0.1643137604854542,
        "returnOnTangibleAssetsTTM": -0.14212017328233337,
        "grahamNetNetTTM": 0.6736345539570958,
        "workingCapitalTTM": 165319000,
        "tangibleAssetValueTTM": 178666000,
        "netCurrentAssetValueTTM": 1.3207562746709325,
        "investedCapitalTTM": 0.2095239690462631,
        "averageReceivablesTTM": 31719000,
        "averagePayablesTTM": 29960500,
        "averageInventoryTTM": 76763000,
        "daysSalesOutstandingTTM": 36.408360532262115,
        "daysPayablesOutstandingTTM": 50.0854315258801,
        "daysOfInventoryOnHandTTM": 131.85347502697334,
        "receivablesTurnoverTTM": 10.025169896803423,
        "payablesTurnoverTTM": 7.2875482726228995,
        "inventoryTurnoverTTM": 2.7682243484696305,
        "roeTTM": -0.5176906758393618,
        "capexPerShareTTM": 0.00036228716233025035,
        "dividendPerShareTTM": null,
        "debtToMarketCapTTM": 0.22216049516868316
    }
]