[
    {
        "revenuePerShareTTM": 23.0801226277358,
        "netIncomePerShareTTM": 6.134498116244514,
        "operatingCashFlowPerShareTTM": 6.847418856003188,
        "freeCashFlowPerShareTTM": 6.213684417819627,
        "cashPerShareTTM": 3.8991017662327647,
        "bookValuePerShareTTM": 4.388312053082397,
        "tangibleBookValuePerShareTTM": 4.388312053082397,
        "shareholdersEquityPerShareTTM": 4.388312053082397,
        "interestDebtPerShareTTM": 7.656241649749593,
        "marketCapTTM": 2788068335160,
        "enterpriseValueTTM": 2873747335160,
        "peRatioTTM": 28.27764,
        "priceToSalesRatioTTM": 7.369544899887134,
        "pocfratioTTM": 24.84001688473909,
        "pfcfRatioTTM": 27.37345326264322,
        "pbRatioTTM": 38.75977777845743,
        "ptbRatioTTM": 38.75977777845743,
        "evToSalesTTM": 7.59601540260571,
        "enterpriseValueOverEBITDATTM": 21.956277152920503,
        "evToOperatingCashFlowTTM": 25.603365393750945,
        "evToFreeCashFlowTTM": 28.21465577999666,
        "earningsYieldTTM": 0.036066189171876734,
        "freeCashFlowYieldTTM": 0.03653174447539318,
        "debtToEquityTTM": 4.299324361897347,
        "debtToAssetsTTM": 0.811296699030145,
        "netDebtToEBITDATTM": 0.654612828055163,
        "currentRatioTTM": 1.0378115386179136,
        "interestCoverageTTM": 43.281377267678636,
        "incomeQualityTTM": 1.1162150067127443,
        "dividendYieldTTM": 0.005173731553883238,
        "dividendYieldPercentageTTM": 0.5173731553883238,
        "payoutRatioTTM": 0.1434510180498235,
        "salesGeneralAndAdministrativeToRevenueTTM": null,
        "researchAndDevelopementToRevenueTTM": 0.06094527691945771,
        "intangiblesToTotalAssetsTTM": 0.0,
        "capexToOperatingCashFlowTTM": -0.09255085040225942,
        "capexToRevenueTTM": -0.02745801867716211,
        "capexToDepreciationTTM": -0.9180733539549271,
        "stockBasedCompensationToRevenueTTM": 0.021545081848050474,
        "grahamNumberTTM": 24.611015227339948,
        "roicTTM": 0.5004045082335618,
        "returnOnTangibleAssetsTTM": 0.2637916425099229,
        "grahamNetNetTTM": -11.802800608404583,
        "workingCapitalTTM": 5580000000,
        "tangibleAssetValueTTM": null,
        "netCurrentAssetValueTTM": -9.523403395518372,
        "investedCapitalTTM": 1.7071400767391425,
        "averageReceivablesTTM": 58379500000,
        "averagePayablesTTM": 64562500000,
        "averageInventoryTTM": 6228000000,
        "daysSalesOutstandingTTM": 62.95505427901555,
        "daysPayablesOutstandingTTM": 125.90749262427401,
        "daysOfInventoryOnHandTTM": 9.94906574137643,
        "receivablesTurnoverTTM": 5.797787074923758,
        "payablesTurnoverTTM": 2.898953766708803,
        "inventoryTurnoverTTM": 36.686861810755616,
        "roeTTM": 1.4981376638855781,
        "capexPerShareTTM": -0.6337344381835615,
        "dividendPerShareTTM": 0.88,
        "debtToMarketCapTTM": 0.11092231711108774
    }
]