[
    {
        "revenuePerShareTTM": 13.60430463576159,
        "netIncomePerShareTTM": 2.6175496688741724,
        "operatingCashFlowPerShareTTM": 2.9147350993377485,
        "freeCashFlowPerShareTTM": 2.665562913907285,
        "cashPerShareTTM": 2.986754966887417,
        "bookValuePerShareTTM": 6.20612582781457,
        "tangibleBookValuePerShareTTM": 5.695364238410596,
        "shareholdersEquityPerShareTTM": 6.20612582781457,
        "interestDebtPerShareTTM": 0.5753311258278145,
        "marketCapTTM": 117622960000,
        "enterpriseValueTTM": 115748960000,
        "peRatioTTM": 37.88716,
        "priceToSalesRatioTTM": 7.157293416088597,
        "pocfratioTTM": 33.406123260437376,
        "pfcfRatioTTM": 36.52886956521739,
        "pbRatioTTM": 15.689337068160597,
        "ptbRatioTTM": 15.689337068160597,
        "evToSalesTTM": 7.043261530972375,
        "enterpriseValueOverEBITDATTM": 27.74423777564717,
        "evToOperatingCashFlowTTM": 32.8738880999716,
        "evToFreeCashFlowTTM": 35.94688198757764,
        "earningsYieldTTM": 0.02688250661265454,
        "freeCashFlowYieldTTM": 0.02737560761946477,
        "debtToEquityTTM": 0.6565292783780179,
        "debtToAssetsTTM": 0.39632820677993397,
        "netDebtToEBITDATTM": -0.4491850431447747,
        "currentRatioTTM": 2.024292452830189,
        "interestCoverageTTM": 107.29411764705883,
        "incomeQualityTTM": 1.1135357368753953,
        "dividendYieldTTM": null,
        "dividendYieldPercentageTTM": null,
        "payoutRatioTTM": null,
        "salesGeneralAndAdministrativeToRevenueTTM": null,
        "researchAndDevelopementToRevenueTTM": 0.17311670926128758,
        "intangiblesToTotalAssetsTTM": 0.026411144214510025,
        "capexToOperatingCashFlowTTM": -0.08548707753479125,
        "capexToRevenueTTM": -0.018315686990385785,
        "capexToDepreciationTTM": -0.6501079913606912,
        "stockBasedCompensationToRevenueTTM": 0.023061944748691738,
        "grahamNumberTTM": 19.11828859039737,
        "roicTTM": 0.4460202958796919,
        "returnOnTangibleAssetsTTM": 0.26151683070052106,
        "grahamNetNetTTM": 1.4027317880794703,
        "workingCapitalTTM": 4343000000,
        "tangibleAssetValueTTM": 7169000000,
        "netCurrentAssetValueTTM": 3.0306291390728477,
        "investedCapitalTTM": 0.08816860077364279,
        "averageReceivablesTTM": 2468500000,
        "averagePayablesTTM": 1184500000,
        "averageInventoryTTM": 1928500000,
        "daysSalesOutstandingTTM": 60.14482171108677,
        "daysPayablesOutstandingTTM": 56.69194591416814,
        "daysOfInventoryOnHandTTM": 83.90064667842445,
        "receivablesTurnoverTTM": 6.068685376661743,
        "payablesTurnoverTTM": 6.438304314912945,
        "inventoryTurnoverTTM": 4.350383631713555,
        "roeTTM": 0.4489086069210293,
        "capexPerShareTTM": -0.24917218543046357,
        "dividendPerShareTTM": null,
        "debtToMarketCapTTM": 0.04184557164689615
    }
]