[
    {
        "revenuePerShareTTM": 388.79038063087876,
        "netIncomePerShareTTM": 114.73856243671368,
        "operatingCashFlowPerShareTTM": 138.30861237159763,
        "freeCashFlowPerShareTTM": 101.12530803741872,
        "cashPerShareTTM": 210.7390936267756,
        "bookValuePerShareTTM": 379.73298645012625,
        "tangibleBookValuePerShareTTM": 342.95260185041263,
        "shareholdersEquityPerShareTTM": 379.73298645012625,
        "interestDebtPerShareTTM": 43.3719703680453,
        "marketCapTTM": 1726714232359.9998,
        "enterpriseValueTTM": 1734164232359.9998,
        "peRatioTTM": 23.224506,
        "priceToSalesRatioTTM": 6.702120550852555,
        "pocfratioTTM": 18.839896918343296,
        "pfcfRatioTTM": 25.76723918641437,
        "pbRatioTTM": 6.861979582967392,
        "ptbRatioTTM": 6.861979582967392,
        "evToSalesTTM": 6.731037204904574,
        "enterpriseValueOverEBITDATTM": 16.751811056307414,
        "evToOperatingCashFlowTTM": 18.9211826513333,
        "evToFreeCashFlowTTM": 25.878413304482777,
        "earningsYieldTTM": 0.04403334296728493,
        "freeCashFlowYieldTTM": 0.038808969512234136,
        "debtToEquityTTM": 0.4277346156138852,
        "debtToAssetsTTM": 0.2995897213222441,
        "netDebtToEBITDATTM": 0.07196607451628172,
        "currentRatioTTM": 2.928113424845146,
        "interestCoverageTTM": 227.4971098265896,
        "incomeQualityTTM": 1.2054239606486656,
        "dividendYieldTTM": null,
        "dividendYieldPercentageTTM": null,
        "payoutRatioTTM": null,
        "salesGeneralAndAdministrativeToRevenueTTM": 0.052438120301043716,
        "researchAndDevelopementToRevenueTTM": 0.12250569599863374,
        "intangiblesToTotalAssetsTTM": 0.003944130843826893,
        "capexToOperatingCashFlowTTM": -0.26884301488238116,
        "capexToRevenueTTM": -0.09563843702573777,
        "capexToDepreciationTTM": -1.9805481874447393,
        "stockBasedCompensationToRevenueTTM": 0.059680868819307786,
        "grahamNumberTTM": 990.1138227191205,
        "roicTTM": 0.2668144562630926,
        "returnOnTangibleAssetsTTM": 0.21247111227857404,
        "grahamNetNetTTM": 94.77441776589308,
        "workingCapitalTTM": 123889000000,
        "tangibleAssetValueTTM": 250218000000,
        "netCurrentAssetValueTTM": 121.49463603671852,
        "investedCapitalTTM": 0.11284201323345322,
        "averageReceivablesTTM": 37535000000,
        "averagePayablesTTM": 5326500000,
        "averageInventoryTTM": 1224000000,
        "daysSalesOutstandingTTM": 57.05139401561111,
        "daysPayablesOutstandingTTM": 19.862311720855605,
        "daysOfInventoryOnHandTTM": 3.849412740334779,
        "receivablesTurnoverTTM": 6.397740253290291,
        "payablesTurnoverTTM": 18.376511512340567,
        "inventoryTurnoverTTM": 94.81965811965811,
        "roeTTM": 0.31556164269854114,
        "capexPerShareTTM": -37.183304334178914,
        "dividendPerShareTTM": null,
        "debtToMarketCapTTM": 0.062333997127533826
    }
]